user_id:token	real_id:token
1	8876263976
2	8885195578
3	8885932526
4	8886137918
5	8886206956
6	8886305667
7	8886335741
8	8886729030
9	8886508356
10	8887055071
11	8886439992
12	8887202101
13	8887667937
14	8887935234
15	8856813998
16	8853446402
17	8820893694
18	8509454014
19	8885591190
20	8885533826
21	8884632987
22	8883887219
23	8871430890
24	8872444905
25	8874940497
26	8875039778
27	8875178728
28	8877154997
29	8877638604
30	8879131990
31	8867786910
32	8879853733
33	8880910281
34	8882455881
35	8812323918
36	8873355427
37	8883085263
38	8883139666
39	8883419328
40	8883487365
41	8880077295
42	8868230310
43	8871107506
44	8870972337
45	8876961920
46	8878013841
47	8879001120
48	8879770630
49	8880537742
50	8881384947
51	8884223244
52	8885194658
53	8876384893
54	8886258464
55	8853064741
56	8854257785
57	8855252435
58	8855543022
59	8862896228
60	8848248961
61	8866870034
62	8871803316
63	8858478065
64	8870396274
65	8818293728
66	8820854899
67	8870097684
68	8873764811
69	8874273066
70	8874209551
71	8875863594
72	8878399570
73	8880361632
74	8881787225
75	8868799936
76	8882271165
77	8884431946
78	8885677238
79	8887105389
80	8838208251
81	8799705676
82	8840466408
83	8842069687
84	8846872952
85	8883889840
86	8869041918
87	8868259261
88	8867749680
89	8845534816
90	8876705562
91	8861043691
92	8831158741
93	8832838659
94	8829689681
95	8828455778
96	8828409965
97	8841080921
98	8833101144
99	8840764733
100	8837907572
101	8844876563
102	8838731664
103	8839595468
104	8851304218
105	8832049225
106	8821489186
107	8853808047
108	8867569362
109	8886549705
110	8885859558
111	8878482842
112	8881214655
113	8881850600
114	8844617156
115	8510362189
116	8799610502
117	8877939536
118	8882100681
119	8887569419
120	8883574976
121	8887242787
122	8884627245
123	8885401580
124	8885860391
125	8885995550
126	8887724363
127	8874556754
128	8875819675
129	8886030321
130	8885867886
131	8879637228
132	8830854453
133	8862481393
134	8802200735
135	8884830469
136	8887547984
137	8838211622
138	8829970151
139	8881701512
140	8873909865
141	8886758291
142	8876898512
143	8883465499
144	8510597826
145	8880878102
146	8884802808
147	8869257620
148	8827070291
149	8509766447
150	8509911040
151	8878654543
152	8876993033
153	8886970990
154	8884298249
155	8867042299
156	8869295329
157	8878342160
158	8879487686
159	8882143765
160	8834931320
161	8863145756
162	8857736284
163	8885403137
164	8886824525
165	8509847807
166	8879723581
167	8880054093
168	8885900604
169	8885918875
170	8879491526
171	8881084294
172	8881561886
173	8799382516
174	8878358967
175	8508419705
176	8884658908
177	8883548271
178	8887279063
179	8887324753
180	8876710713
181	8877227960
182	8877810889
183	8878805099
184	8884122122
185	8884617446
186	8885691866
187	8886011812
188	8886566643
189	8886807571
190	8887220021
191	8887300367
192	8860832014
193	8858572172
194	8882523713
195	8881242671
196	8878254055
197	8876491868
198	8820774804
199	8887530348
200	8799417327
201	8887451574
202	8887097508
203	8846496511
204	8877178847
205	8883522079
206	8846237096
207	8886946762
208	8866642898
209	8868299063
210	8868304587
211	8510307759
212	8873372526
213	8874895329
214	8874858324
215	8874717429
216	8843401636
217	8880041242
218	8828677554
219	8836144553
220	8885096162
221	8884773842
222	8884676324
223	8883674285
224	8883024339
225	8881849855
226	8881697719
227	8881569912
228	8886056782
229	8878420082
230	8886226101
231	8885609017
232	8885608025
233	8883548477
234	8885344837
235	8885092145
236	8884708140
237	8884656511
238	8887172304
239	8881716341
240	8885691364
241	8886283483
242	8825717576
243	8838012114
244	8837508241
245	8841428605
246	8821499023
247	8821500131
248	8819858810
249	8867268950
250	8886234972
251	8510328037
252	8875191380
253	8875335470
254	8875930142
255	8887973652
256	8887638708
257	8887499959
258	8887476051
259	8887301323
260	8874983877
261	8872857223
262	8886319940
263	8827133021
264	8883142557
265	8885164691
266	8885398250
267	8885398120
268	8885828605
269	8886481754
270	8886674296
271	8886574117
272	8883644154
273	8887860175
274	8877652898
275	8879045839
276	8879484251
277	8881211848
278	8884053617
279	8884016437
280	8880930859
281	8886232410
282	8875107821
283	8886354747
284	8882752239
285	8881014466
286	8881502641
287	8885979491
288	8885978848
289	8833895151
290	8877231776
291	8885325027
292	8886095750
293	8510190224
294	8882233389
295	8885930416
296	8887279733
297	8887323445
298	8868463607
299	8874274606
300	8874649220
301	8877250543
302	8878499483
303	8880327947
304	8886761074
305	8827401140
306	8887055341
307	8879241450
308	8845302890
309	8845600496
310	8845572598
311	8880012482
312	8876851903
313	8877499136
314	8887914977
315	8803294280
316	8846384244
317	8862316168
318	8833852021
319	8849277075
320	8861098821
321	8851324806
322	8819886491
323	8839579003
324	8826959675
325	8887615582
326	8862409727
327	8843054776
328	8832244928
329	8842631721
330	8823245015
331	8875819465
332	8844528167
333	8879021461
334	8886721567
335	8887395175
336	8510206128
337	8863428091
338	8832889780
339	8865850942
340	8841635339
341	8828184653
342	8843158711
343	8844716514
344	8838370658
345	8839447191
346	8839087357
347	8841189072
348	8846320834
349	8882947164
350	8508236002
351	8854516100
352	8881503507
353	8887382995
354	8874362285
355	8876323268
356	8884725910
357	8884570583
358	8876534267
359	8880578246
360	8879303338
361	8850519526
362	8878763703
363	8878346591
364	8877052977
365	8876626171
366	8880331786
367	8875351030
368	8878530991
369	8882129938
370	8885335809
371	8885263236
372	8886279742
373	8887511848
374	8839760322
375	8840825692
376	8875251772
377	8874332819
378	8874646976
379	8875493570
380	8876857035
381	8874613110
382	8878032451
383	8881584736
384	8874583109
385	8880790291
386	8508973399
387	8879485549
388	8877039179
389	8845255690
390	8863172042
391	8847990151
392	8854797090
393	8881569939
394	8834521545
395	8868029307
396	8510535972
397	8510349742
398	8883319116
399	8882996116
400	8878414669
401	8881995610
402	8874200328
403	8881969108
404	8866263556
405	8887276011
406	8881736412
407	8799658145
408	8861001199
409	8827522026
410	8841577087
411	8885833822
412	8837835606
413	8884633745
414	8886147303
415	8882505587
416	8828912348
417	8828667933
418	8836834828
419	8879795935
420	8878206616
421	8887136536
422	8878480977
423	8887492228
424	8886507432
425	8885682752
426	8885587279
427	8882409553
428	8881592478
429	8887832823
430	8880224707
431	8853675200
432	8802341513
433	8885685096
434	8879995189
435	8878795351
436	8854177677
437	8873276537
438	8825585357
439	8510141178
440	8866987224
441	8879310555
442	8887476239
443	8887889350
444	8883251286
445	8882902181
446	8880174919
447	8877625779
448	8508172070
449	8887540063
450	8886299489
451	8880754189
452	8880619547
453	8878637336
454	8877922612
455	8874959297
456	8852529781
457	8862589892
458	8876572823
459	8886673099
460	8873037948
461	8868335853
462	8820937306
463	8818120260
464	8831651692
465	8823505139
466	8842041006
467	8846329332
468	8845564670
469	8887032601
470	8885659568
471	8881956888
472	8880773608
473	8880798102
474	8879856553
475	8879310081
476	8880702317
477	8881247282
478	8882500050
479	8827440515
480	8880579370
481	8880012552
482	8877686499
483	8508540090
484	8886311055
485	8884647829
486	8884004454
487	8844250044
488	8882011776
489	8878989561
490	8878273471
491	8878342828
492	8875096551
493	8802185241
494	8886873279
495	8887567955
496	8882303811
497	8880423929
498	8887343824
499	8879568988
500	8881670054
501	8878645971
502	8882980613
503	8886275075
504	8878439886
505	8881014319
506	8878254368
507	8877394381
508	8830204954
509	8869052476
510	8828739191
511	8885094877
512	8876754461
513	8884498512
514	8886585596
515	8878301636
516	8881510604
517	8881041025
518	8874745301
519	8879659178
520	8826697089
521	8828514896
522	8827845638
523	8887958159
524	8884597314
525	8881075463
526	8879974311
527	8883562283
528	8879289980
529	8886701359
530	8885281751
531	8887543536
532	8886460903
533	8841109060
534	8867214563
535	8881594310
536	8886520231
537	8886145669
538	8883055015
539	8883027445
540	8885972115
541	8885953744
542	8885861932
543	8885976990
544	8887601679
545	8886293200
546	8886508339
547	8886498963
548	8886236256
549	8886868694
550	8886887311
551	8886918682
552	8886321018
553	8883017074
554	8878468228
555	8882972482
556	8877141973
557	8877409779
558	8879726031
559	8880124746
560	8883728227
561	8885460398
562	8886436156
563	8882971823
564	8887893193
565	8880429337
566	8882641995
567	8882682471
568	8882684432
569	8882693818
570	8882789988
571	8882979118
572	8886978253
573	8887078301
574	8887707533
575	8887219189
576	8883232717
577	8883366675
578	8886012408
579	8887767204
580	8887080007
581	8886214092
582	8886241111
583	8884522049
584	8879771716
585	8883544440
586	8880976135
587	8880176825
588	8867053131
589	8872178182
590	8877454345
591	8867928130
592	8887099295
593	8861413377
594	8849646629
595	8887309235
596	8887280662
597	8887198771
598	8887322022
599	8887572811
600	8887564183
601	8887552411
602	8887648640
603	8887531423
604	8887918661
605	8886607305
606	8882607042
607	8825802854
608	8839977998
609	8845989452
610	8878549051
611	8887703220
612	8862672950
613	8886684967
614	8862145258
615	8828748072
616	8838724158
617	8844096378
618	8871468799
619	8873808765
620	8875127219
621	8875569569
622	8876076977
623	8877046526
624	8879084884
625	8860814525
626	8879176456
627	8879372536
628	8881801964
629	8855472071
630	8881534722
631	8855525884
632	8801786092
633	8803070174
634	8809881066
635	8813257766
636	8814605344
637	8832380049
638	8831298915
639	8832068279
640	8853106099
641	8861867993
642	8863904175
643	8850924442
644	8851312572
645	8853710394
646	8831630941
647	8877395385
648	8855396689
649	8880958834
650	8882032074
651	8883945622
652	8882898757
653	8883378676
654	8883600095
655	8883156248
656	8883257336
657	8883608810
658	8883647910
659	8884851024
660	8885030655
661	8885177273
662	8885703041
663	8885437334
664	8885860040
665	8885913557
666	8886596832
667	8882989704
668	8882179905
669	8881429511
670	8881573385
671	8886573925
672	8873301672
673	8873651228
674	8874741577
675	8874795333
676	8875473851
677	8875378340
678	8887157392
679	8875845395
680	8876860357
681	8878881196
682	8880083202
683	8880293982
684	8879803777
685	8867940186
686	8881308410
687	8876690807
688	8878393665
689	8881180344
690	8879989187
691	8842362809
692	8844930232
693	8873275991
694	8877301278
695	8875317278
696	8879856306
697	8879704591
698	8880944072
699	8880499753
700	8878765330
701	8877550030
702	8883143163
703	8841325733
704	8883629810
705	8883592101
706	8883605994
707	8885025770
708	8885404756
709	8885741019
710	8886865447
711	8886942832
712	8886588527
713	8886576676
714	8887183785
715	8887086271
716	8799359249
717	8883189766
718	8799443646
719	8864141665
720	8885304370
721	8882490753
722	8883544978
723	8883560357
724	8878614354
725	8884837570
726	8887700459
727	8887924784
728	8873275566
729	8875190993
730	8875430235
731	8875014065
732	8876684881
733	8829336362
734	8879004519
735	8884104051
736	8887284593
737	8830034116
738	8880645443
739	8880784156
740	8882777250
741	8885437793
742	8884335488
743	8884338407
744	8877133731
745	8882988079
746	8885330877
747	8880326646
748	8880010688
749	8875023975
750	8876548993
751	8880385696
752	8880422585
753	8880196825
754	8884553233
755	8884716834
756	8874974490
757	8876609868
758	8876631379
759	8881831607
760	8883806236
761	8884589539
762	8830657017
763	8879439064
764	8831312912
765	8799548378
766	8867070816
767	8866810277
768	8867239755
769	8867200440
770	8875730373
771	8878127742
772	8878349556
773	8878261724
774	8878461836
775	8879542708
776	8880191353
777	8799400492
778	8875899922
779	8878943409
780	8877457262
781	8878766419
782	8879296367
783	8879569042
784	8880160018
785	8882052233
786	8882921424
787	8885813543
788	8886187678
789	8885530959
790	8884814947
791	8865460190
792	8850969708
793	8878755084
794	8828822090
795	8827142119
796	8881380681
797	8830103835
798	8879289478
799	8829049444
800	8845338594
801	8830283726
802	8867354586
803	8876930869
804	8874743834
805	8875269816
806	8876359685
807	8828711400
808	8879696276
809	8878635066
810	8878207757
811	8882147809
812	8882507073
813	8879404241
814	8882599978
815	8879198155
816	8882743863
817	8882966556
818	8883062026
819	8883035411
820	8883153515
821	8882972291
822	8883532903
823	8886395634
824	8882697750
825	8883615817
826	8883647590
827	8883892697
828	8884129034
829	8884225016
830	8884211789
831	8884429765
832	8884509362
833	8884746389
834	8884774197
835	8885239122
836	8885201575
837	8883588788
838	8844887286
839	8885650288
840	8881024213
841	8836389734
842	8857054374
843	8858772037
844	8834928518
845	8826364318
846	8829560969
847	8837529358
848	8886255765
849	8842334086
850	8843890710
851	8880967130
852	8880752215
853	8883031592
854	8839278978
855	8841271417
856	8843712610
857	8847091186
858	8824408781
859	8828767203
860	8509314396
861	8508381556
862	8867041331
863	8868448254
864	8876626860
865	8877503693
866	8877963387
867	8847176051
868	8885497836
869	8885623963
870	8885666416
871	8837809146
872	8843755942
873	8844840884
874	8822829724
875	8871263081
876	8876096667
877	8876078676
878	8875932780
879	8879516093
880	8850482707
881	8801559268
882	8875683653
883	8840788906
884	8877844158
885	8879100705
886	8887163925
887	8883666366
888	8883574015
889	8883517524
890	8883454577
891	8883534134
892	8886804499
893	8880615121
894	8880189948
895	8884252819
896	8878123885
897	8883177038
898	8832380231
899	8830091223
900	8824202655
901	8885777328
902	8885859228
903	8885794868
904	8885872519
905	8885966540
906	8885918868
907	8886222855
908	8886313454
909	8886627453
910	8886972573
911	8887067494
912	8887250824
913	8887329193
914	8887328561
915	8887351559
916	8887497444
917	8887442847
918	8887815243
919	8875179839
920	8876715546
921	8868619355
922	8881615625
923	8879140257
924	8887908266
925	8863648874
926	8802083923
927	8802086274
928	8880434957
929	8883187529
930	8884073906
931	8885405906
932	8887661170
933	8887765666
934	8876598565
935	8829554989
936	8847100690
937	8841590783
938	8860831307
939	8832408411
940	8836652370
941	8829802205
942	8856578481
943	8860634657
944	8885587602
945	8835294705
946	8848716422
947	8858694707
948	8854780281
949	8826325893
950	8840711079
951	8884209457
952	8879107849
953	8837266176
954	8836960736
955	8509292545
956	8510211924
957	8868383622
958	8864577994
959	8874392302
960	8886086450
961	8882944370
962	8886756624
963	8884606792
964	8851833992
965	8851460101
966	8873182970
967	8875116697
968	8874936390
969	8874981490
970	8874560805
971	8875234577
972	8875198534
973	8876204201
974	8884475279
975	8874234855
976	8876062918
977	8876725709
978	8877064333
979	8877756689
980	8877383975
981	8878688415
982	8879695345
983	8880193396
984	8879723878
985	8882734533
986	8882706135
987	8883014137
988	8874492286
989	8875887957
990	8876752186
991	8878497140
992	8819352200
993	8836569933
994	8834818176
995	8839335945
996	8840315616
997	8839416613
998	8841513805
999	8837904964
1000	8843057537
1001	8846743565
1002	8818951402
1003	8876627021
1004	8828651829
1005	8876743118
1006	8876918518
1007	8877221285
1008	8877095474
1009	8877564350
1010	8877934956
1011	8878177875
1012	8879911396
1013	8879991363
1014	8879803252
1015	8879490881
1016	8881053154
1017	8880864917
1018	8876946585
1019	8826573737
1020	8822674187
1021	8866006055
1022	8877073478
1023	8880250981
1024	8880308993
1025	8880418675
1026	8881379699
1027	8883562309
1028	8884256499
1029	8884836347
1030	8885694682
1031	8886406863
1032	8886519196
1033	8886462460
1034	8886540811
1035	8886948533
1036	8887140332
1037	8850337888
1038	8850331569
1039	8862544460
1040	8863032949
1041	8863316218
1042	8800696061
1043	8863505396
1044	8863899216
1045	8863949646
1046	8801487385
1047	8864373487
1048	8864407842
1049	8887710323
1050	8884615274
1051	8887700913
1052	8874849152
1053	8822321966
1054	8822248958
1055	8837416816
1056	8837329548
1057	8844003299
1058	8843626470
1059	8817634740
1060	8830355365
1061	8825951581
1062	8820770688
1063	8508869595
1064	8509849721
1065	8819357393
1066	8873181753
1067	8881722350
1068	8882716181
1069	8883985961
1070	8885094712
1071	8886726735
1072	8885919740
1073	8885607015
1074	8809495251
1075	8814580215
1076	8800247429
1077	8801390812
1078	8860356813
1079	8874667109
1080	8849578010
1081	8859240858
1082	8508635094
1083	8885404814
1084	8886159883
1085	8886360068
1086	8886332320
1087	8885022789
1088	8887083079
1089	8875682529
1090	8878660307
1091	8879273208
1092	8879663558
1093	8880098193
1094	8880234004
1095	8873260206
1096	8880773179
1097	8881155888
1098	8881317995
1099	8881627086
1100	8882684021
1101	8883062206
1102	8882942428
1103	8884021030
1104	8884174309
1105	8883514645
1106	8884528761
1107	8887136628
1108	8887906765
1109	8880379598
1110	8835186064
1111	8844802812
1112	8886208418
1113	8879426210
1114	8879040212
1115	8880388229
1116	8880032552
1117	8879957853
1118	8880816698
1119	8881366610
1120	8881106472
1121	8881366325
1122	8881318136
1123	8881947520
1124	8881783190
1125	8879853186
1126	8882040499
1127	8887934688
1128	8880111636
1129	8883956700
1130	8886988020
1131	8887921730
1132	8887440751
1133	8858836975
1134	8860072592
1135	8860910368
1136	8801976785
1137	8842312914
1138	8842733560
1139	8885828828
1140	8878405900
1141	8876865370
1142	8876418623
1143	8837595862
1144	8837510496
1145	8837292514
1146	8830569580
1147	8818303946
1148	8867066945
1149	8869893665
1150	8869764647
1151	8874438838
1152	8876858034
1153	8884015124
1154	8509508413
1155	8510055225
1156	8509671698
1157	8510383657
1158	8868385621
1159	8868910957
1160	8870488009
1161	8871022759
1162	8872188762
1163	8872644866
1164	8872496447
1165	8873317456
1166	8874407583
1167	8874803316
1168	8875288686
1169	8875707448
1170	8880094179
1171	8881768728
1172	8881864345
1173	8880183633
1174	8881911392
1175	8882421090
1176	8887708605
1177	8882534334
1178	8882302464
1179	8882295232
1180	8882648286
1181	8882823897
1182	8883079192
1183	8882849800
1184	8883071712
1185	8883007433
1186	8883112432
1187	8883243964
1188	8883174922
1189	8884691453
1190	8883081114
1191	8883710484
1192	8883694972
1193	8883574179
1194	8883571228
1195	8882314926
1196	8883768979
1197	8883292734
1198	8881728706
1199	8887892878
1200	8878997845
1201	8878487674
1202	8878534505
1203	8879458859
1204	8879662849
1205	8881351662
1206	8877783267
1207	8880556907
1208	8879897471
1209	8882136726
1210	8880744009
1211	8880829588
1212	8880819377
1213	8881362485
1214	8882590008
1215	8882456838
1216	8882726118
1217	8881920183
1218	8881787344
1219	8881773959
1220	8881183008
1221	8885805406
1222	8883656575
1223	8883960788
1224	8886833687
1225	8886309702
1226	8886340193
1227	8886507982
1228	8886696627
1229	8886994949
1230	8886858697
1231	8886868826
1232	8886867703
1233	8886863594
1234	8887630028
1235	8887273338
1236	8887352063
1237	8887594946
1238	8887353632
1239	8887854662
1240	8887864429
1241	8887901711
1242	8837862250
1243	8833197468
1244	8509201551
1245	8886867795
1246	8883453157
1247	8886271140
1248	8886099636
1249	8886727059
1250	8882696149
1251	8884411282
1252	8884584485
1253	8884570101
1254	8884532250
1255	8884751725
1256	8885075405
1257	8884845083
1258	8823019030
1259	8885195645
1260	8885434008
1261	8885583197
1262	8885648375
1263	8885607357
1264	8885452211
1265	8885724932
1266	8885703072
1267	8885934716
1268	8885934516
1269	8885987059
1270	8886157519
1271	8871761430
1272	8873985615
1273	8880274410
1274	8878020037
1275	8878258045
1276	8878395966
1277	8878743008
1278	8879055576
1279	8879096762
1280	8879361562
1281	8880081636
1282	8880034189
1283	8880452746
1284	8880760979
1285	8880761494
1286	8880637511
1287	8882009791
1288	8883228348
1289	8883023912
1290	8887596541
1291	8820038955
1292	8826938458
1293	8828548194
1294	8829788947
1295	8876857397
1296	8829437484
1297	8876932848
1298	8875916214
1299	8880251422
1300	8881591551
1301	8881956836
1302	8882248841
1303	8882245016
1304	8882331010
1305	8883559482
1306	8885073313
1307	8885386892
1308	8885731922
1309	8887547714
1310	8887447611
1311	8509274613
1312	8833269585
1313	8867183117
1314	8868784748
1315	8868095687
1316	8869298523
1317	8873577483
1318	8873980223
1319	8875040970
1320	8876839091
1321	8830603068
1322	8820245166
1323	8508831364
1324	8886943433
1325	8879227871
1326	8886601339
1327	8885947049
1328	8880454622
1329	8880904184
1330	8885313749
1331	8885117218
1332	8881207134
1333	8881884186
1334	8882033816
1335	8882273137
1336	8882999807
1337	8883024245
1338	8883988734
1339	8883637360
1340	8887895324
1341	8882727965
1342	8883606990
1343	8883112460
1344	8881762223
1345	8878915255
1346	8878884189
1347	8887450865
1348	8877937166
1349	8868139212
1350	8874782682
1351	8875038089
1352	8876864288
1353	8877161686
1354	8878501370
1355	8879840273
1356	8881101562
1357	8881212171
1358	8882974369
1359	8885450343
1360	8883458153
1361	8885650393
1362	8874678701
1363	8874522849
1364	8875101848
1365	8875545956
1366	8875682241
1367	8875386671
1368	8875847626
1369	8877670460
1370	8848694320
1371	8884196765
1372	8879200431
1373	8848427875
1374	8877852165
1375	8878101059
1376	8877818009
1377	8887101523
1378	8887238171
1379	8509438225
1380	8883483724
1381	8883236520
1382	8881806719
1383	8880619301
1384	8874443527
1385	8879373164
1386	8878684874
1387	8879067663
1388	8883699574
1389	8878350012
1390	8877826859
1391	8877612525
1392	8877544541
1393	8879243970
1394	8884687602
1395	8886706023
1396	8885257709
1397	8877398501
1398	8886776025
1399	8887329010
1400	8887358931
1401	8887421552
1402	8887005004
1403	8801771343
1404	8838723518
1405	8830008453
1406	8847481396
1407	8845176050
1408	8842117727
1409	8825100091
1410	8879253629
1411	8877297884
1412	8876094814
1413	8876689699
1414	8868139047
1415	8883904990
1416	8887963426
1417	8837091357
1418	8837153814
1419	8800420089
1420	8861054490
1421	8508777486
1422	8510445248
1423	8866860444
1424	8867316962
1425	8876552157
1426	8886787367
1427	8853402711
1428	8876957554
1429	8864873398
1430	8830696867
1431	8828865217
1432	8829536412
1433	8861210821
1434	8856945332
1435	8860183979
1436	8863156959
1437	8881721847
1438	8862786210
1439	8874470114
1440	8874558682
1441	8875168407
1442	8875459473
1443	8508655814
1444	8866330294
1445	8510576478
1446	8868141794
1447	8867626884
1448	8877382912
1449	8883992641
1450	8885298915
1451	8885158426
1452	8886897258
1453	8884729134
1454	8885165420
1455	8886502707
1456	8887304932
1457	8887395725
1458	8802385397
1459	8876993498
1460	8885052604
1461	8886474705
1462	8877212014
1463	8887077128
1464	8828651264
1465	8885009501
1466	8833848038
1467	8831918861
1468	8828929397
1469	8841758626
1470	8838203337
1471	8837914830
1472	8840638887
1473	8843995447
1474	8845507187
1475	8829059537
1476	8873467310
1477	8885707103
1478	8839528875
1479	8799631505
1480	8877314257
1481	8876879986
1482	8831535235
1483	8873637275
1484	8874435453
1485	8874209024
1486	8874932672
1487	8874928049
1488	8874228638
1489	8880717653
1490	8881055509
1491	8881471336
1492	8882940459
1493	8884180023
1494	8885556078
1495	8885644082
1496	8877522992
1497	8885637763
1498	8886031411
1499	8886260001
1500	8886490051
1501	8510157358
1502	8510496480
1503	8833646800
1504	8837188951
1505	8840406925
1506	8843787268
1507	8843338424
1508	8509791964
1509	8799612820
1510	8877043301
1511	8877005839
1512	8886282349
1513	8802248544
1514	8802270805
1515	8802183677
1516	8876944210
1517	8877119408
1518	8877126786
1519	8509643876
1520	8874135096
1521	8868843260
1522	8868664700
1523	8868793423
1524	8830170692
1525	8823505149
1526	8841872706
1527	8838188590
1528	8886207444
1529	8886082205
1530	8883045334
1531	8881704713
1532	8881106434
1533	8868026049
1534	8876281455
1535	8876228990
1536	8876571926
1537	8876821443
1538	8877825492
1539	8887643062
1540	8878126944
1541	8878353226
1542	8879285816
1543	8879044365
1544	8879772786
1545	8879493773
1546	8879970930
1547	8878448434
1548	8838580939
1549	8838260528
1550	8829087563
1551	8879622086
1552	8882030258
1553	8886684582
1554	8887225838
1555	8844138991
1556	8830817337
1557	8846294452
1558	8847134274
1559	8843591676
1560	8844110471
1561	8826519136
1562	8829705616
1563	8508448690
1564	8509446634
1565	8838929070
1566	8875092116
1567	8845440837
1568	8845000877
1569	8828904957
1570	8509019779
1571	8872763333
1572	8873461903
1573	8875871652
1574	8878488696
1575	8845062932
1576	8874404059
1577	8837671721
1578	8838101802
1579	8838281998
1580	8840686367
1581	8842781180
1582	8843005722
1583	8880112756
1584	8509667455
1585	8875274578
1586	8874271970
1587	8876706736
1588	8877684533
1589	8872647526
1590	8879382530
1591	8879799283
1592	8880087578
1593	8880103235
1594	8880791319
1595	8881306272
1596	8884689188
1597	8881964561
1598	8886026264
1599	8886002925
1600	8885641359
1601	8886316585
1602	8886495277
1603	8886574283
1604	8877856199
1605	8886940912
1606	8886381634
1607	8876096586
1608	8875396115
1609	8509590742
1610	8875165369
1611	8844432845
1612	8848265658
1613	8852664921
1614	8834540161
1615	8832087604
1616	8833460108
1617	8887180392
1618	8836828853
1619	8875593388
1620	8874375722
1621	8874455252
1622	8509780944
1623	8509874403
1624	8509903308
1625	8509491588
1626	8884324064
1627	8838632924
1628	8509793755
1629	8839393353
1630	8874126646
1631	8826566245
1632	8509151448
1633	8866974661
1634	8508727102
1635	8872887797
1636	8840721827
1637	8874458072
1638	8509561529
1639	8510559895
1640	8873685291
1641	8874265930
1642	8873557975
1643	8873153062
1644	8868418010
1645	8866837133
1646	8509925786
1647	8799657895
1648	8799488255
1649	8799612114
1650	8510641069
1651	8510458297
1652	8510673173
1653	8799380582
1654	8799487165
1655	8875589325
1656	8887805057
1657	8881761399
1658	8868790351
1659	8836295193
1660	8887877233
1661	8876919294
1662	8886748664
1663	8508945543
1664	8827095946
1665	8801668769
1666	8799676065
1667	8826824336
1668	8509387928
1669	8869111244
1670	8823881239
1671	8877435329
1672	8881576327
1673	8887338348
1674	8837076352
1675	8840866611
1676	8846823142
1677	8509037591
1678	8872983216
1679	8880430604
1680	8881860940
1681	8881504484
1682	8878391679
1683	8509526757
1684	8879847071
1685	8886636421
1686	8885773715
1687	8883908101
1688	8833954404
1689	8845939852
1690	8508656760
1691	8508778952
1692	8510641413
1693	8881577321
1694	8881636488
1695	8883997152
1696	8886919177
1697	8887891983
1698	8870661017
1699	8873087876
1700	8886988071
1701	8886226973
1702	8887032992
1703	8887758230
1704	8863728388
1705	8855277740
1706	8847491095
1707	8830100411
1708	8873493345
1709	8876467808
1710	8876467990
1711	8877831463
1712	8879716524
1713	8880201691
1714	8882031777
1715	8867982063
1716	8885792229
1717	8879424117
1718	8881071262
1719	8877689853
1720	8878018047
1721	8878153381
1722	8878766922
1723	8883532593
1724	8884821252
1725	8884483954
1726	8886996846
1727	8887154653
1728	8887638295
1729	8887726604
1730	8887596630
1731	8877293110
1732	8887676532
1733	8884602050
1734	8885925073
1735	8887174398
1736	8887472903
1737	8887842318
1738	8887925416
1739	8873642297
1740	8879304072
1741	8880279160
1742	8880839778
1743	8887307629
1744	8887657270
1745	8883613570
1746	8876477832
1747	8875715798
1748	8874985138
1749	8883649651
1750	8884326042
1751	8885700999
1752	8509064240
1753	8867191486
1754	8887387628
1755	8799477128
1756	8799630746
1757	8886529137
1758	8883578439
1759	8883680737
1760	8884430173
1761	8885089826
1762	8882964486
1763	8887517804
1764	8886760439
1765	8885579112
1766	8886881231
1767	8887111289
1768	8887202602
1769	8887517759
1770	8887924180
1771	8887863515
1772	8842796357
1773	8509734974
1774	8879851557
1775	8887668904
1776	8880822734
1777	8885194876
1778	8874570912
1779	8884155852
1780	8876031566
1781	8880503346
1782	8831066002
1783	8509870024
1784	8875439488
1785	8884576363
1786	8829700105
1787	8881059294
1788	8881393502
1789	8881316157
1790	8881796351
1791	8882044739
1792	8841134320
1793	8882275706
1794	8882963623
1795	8884221734
1796	8884307464
1797	8885474602
1798	8886073301
1799	8886276161
1800	8887891611
1801	8816950285
1802	8820810464
1803	8822471413
1804	8869055653
1805	8870311879
1806	8882573197
1807	8839466206
1808	8838152028
1809	8837280485
1810	8883172316
1811	8884085967
1812	8884494640
1813	8886797692
1814	8887577345
1815	8882640784
1816	8884853838
1817	8885644379
1818	8886028450
1819	8887892641
1820	8860605881
1821	8865610534
1822	8838010863
1823	8840988282
1824	8826397869
1825	8800886760
1826	8851222056
1827	8860325306
1828	8864892960
1829	8830222063
1830	8509464510
1831	8836364201
1832	8828719887
1833	8846411113
1834	8828016489
1835	8830182895
1836	8839731694
1837	8876931423
1838	8878027431
1839	8880571490
1840	8879547172
1841	8876314405
1842	8880213232
1843	8887742941
1844	8887538323
1845	8886598140
1846	8827594480
1847	8822323385
1848	8876423275
1849	8880329686
1850	8881412865
1851	8881726962
1852	8837153088
1853	8868315640
1854	8844551531
1855	8887970734
1856	8874578199
1857	8874711727
1858	8874715550
1859	8875881381
1860	8840638866
1861	8878521000
1862	8830034831
1863	8508953357
1864	8876897474
1865	8884034777
1866	8883952894
1867	8880978013
1868	8880217918
1869	8830387744
1870	8886633542
1871	8875456078
1872	8880018049
1873	8883454900
1874	8885060664
1875	8887804141
1876	8824680750
1877	8869546006
1878	8870138299
1879	8819792765
1880	8875227332
1881	8876647020
1882	8881522433
1883	8882261520
1884	8887841152
1885	8885711081
1886	8881562927
1887	8839543429
1888	8885583695
1889	8884187906
1890	8880147293
1891	8874887803
1892	8885667816
1893	8823334685
1894	8887942161
1895	8887809067
1896	8886131449
1897	8883094619
1898	8885219289
1899	8874769792
1900	8854281049
1901	8846367623
1902	8886156108
1903	8841172704
1904	8862191984
1905	8861473614
1906	8853070943
1907	8862302902
1908	8879228960
1909	8846394588
1910	8852747449
1911	8853246721
1912	8852223958
1913	8851682372
1914	8887334018
1915	8510006948
1916	8882912871
1917	8873872100
1918	8821591909
1919	8887622844
1920	8804817747
1921	8860436085
1922	8858612237
1923	8847666618
1924	8884775228
1925	8830474677
1926	8846078839
1927	8883429287
1928	8867219567
1929	8879764635
1930	8877525948
1931	8874249674
1932	8874791149
1933	8838777382
1934	8880554466
1935	8873530332
1936	8841161268
1937	8859877732
1938	8887693524
1939	8844558881
1940	8801435613
1941	8864685961
1942	8801055394
1943	8848612098
1944	8847600590
1945	8847816688
1946	8883245879
1947	8858115414
1948	8880463362
1949	8875992958
1950	8868485027
1951	8868209101
1952	8509704008
1953	8886604097
1954	8886363082
1955	8886056709
1956	8884813606
1957	8884546041
1958	8881759552
1959	8881449997
1960	8881472867
1961	8880740063
1962	8885689559
1963	8884422230
1964	8801443211
1965	8881075994
1966	8880829038
1967	8877121349
1968	8875387145
1969	8885703888
1970	8877509170
1971	8880350703
1972	8829749162
1973	8859614049
1974	8882011227
1975	8872660464
1976	8883683364
1977	8836921389
1978	8826509616
1979	8861111830
1980	8859697840
1981	8861093049
1982	8838562993
1983	8882242518
1984	8877764583
1985	8879891137
1986	8508610403
1987	8884204319
1988	8879177994
1989	8875307985
1990	8826464048
1991	8866474332
1992	8802049374
1993	8861598420
1994	8860500296
1995	8859316510
1996	8884583819
1997	8884232155
1998	8884787940
1999	8508850135
2000	8885743532
2001	8875417204
2002	8509646320
2003	8886391780
2004	8862096430
2005	8841852918
2006	8875089224
2007	8868672974
2008	8871980726
2009	8871567205
2010	8869513690
2011	8869514183
2012	8868687121
2013	8868974037
2014	8868981298
2015	8868616793
2016	8868073118
2017	8868078869
2018	8826615346
2019	8873580992
2020	8831448684
2021	8864236538
2022	8799858266
2023	8863267807
2024	8874724687
2025	8831565911
2026	8877567495
2027	8866804312
2028	8887826023
2029	8887689516
2030	8887689405
2031	8886518352
2032	8884698449
2033	8884601225
2034	8884601306
2035	8883878583
2036	8883227611
2037	8881647592
2038	8880771895
2039	8877651553
2040	8876431773
2041	8509699951
2042	8510355910
2043	8845220191
2044	8840533969
2045	8845269611
2046	8843122357
2047	8837367919
2048	8836140490
2049	8866807152
2050	8874523529
2051	8866864489
2052	8509668458
2053	8509520073
2054	8509045655
2055	8509180848
2056	8508390080
2057	8881583339
2058	8823514754
2059	8821362351
2060	8821661187
2061	8820743148
2062	8819930636
2063	8510455430
2064	8818381038
2065	8828929739
2066	8826556865
2067	8886735272
2068	8886863596
2069	8887283314
2070	8887456914
2071	8818970839
2072	8845663079
2073	8842581930
2074	8846938024
2075	8882278668
2076	8885227003
2077	8867103349
2078	8867607909
2079	8867337676
2080	8866915612
2081	8510492529
2082	8508801398
2083	8829415115
2084	8509410357
2085	8509698129
2086	8509930112
2087	8510373295
2088	8799378584
2089	8886967798
2090	8886906601
2091	8886599888
2092	8885331987
2093	8883077003
2094	8881473842
2095	8877642056
2096	8876455934
2097	8876100415
2098	8874919457
2099	8865968469
2100	8873667281
2101	8868807006
2102	8868220904
2103	8868219346
2104	8868482934
2105	8866861027
2106	8866036405
2107	8804502912
2108	8837453545
2109	8875962411
2110	8841211044
2111	8837962722
2112	8833574608
2113	8883490879
2114	8886954392
2115	8887645498
2116	8887310717
2117	8885987596
2118	8885337342
2119	8885146459
2120	8877186112
2121	8884661422
2122	8879754913
2123	8879148192
2124	8878068928
2125	8877652238
2126	8887953689
2127	8880362691
2128	8876434577
2129	8845472943
2130	8881801346
2131	8875715440
2132	8879142225
2133	8880271731
2134	8831055763
2135	8850258483
2136	8852991900
2137	8882909533
2138	8878582404
2139	8875669820
2140	8867917745
2141	8868133628
2142	8868000686
2143	8869319962
2144	8867625194
2145	8866819357
2146	8861354099
2147	8508637747
2148	8853398356
2149	8820298828
2150	8838038159
2151	8840870179
2152	8838334397
2153	8835955657
2154	8850961612
2155	8851030928
2156	8851076568
2157	8847763378
2158	8854947106
2159	8855440483
2160	8854430523
2161	8821658086
2162	8837366039
2163	8820404532
2164	8841986202
2165	8828825787
2166	8863666175
2167	8804139579
2168	8860663109
2169	8859665540
2170	8859327331
2171	8858838805
2172	8857228583
2173	8857170967
2174	8856875989
2175	8855615302
2176	8885117633
2177	8884792372
2178	8880403401
2179	8877959249
2180	8799749022
2181	8510487638
2182	8509174463
2183	8831642443
2184	8841650527
2185	8845288885
2186	8845431624
2187	8841075036
2188	8840736202
2189	8881601916
2190	8863561541
2191	8884518679
2192	8877985730
2193	8840812603
2194	8837989559
2195	8837355304
2196	8844880411
2197	8839131471
2198	8839931360
2199	8836503532
2200	8830499758
2201	8850745562
2202	8854211592
2203	8812588512
2204	8877596721
2205	8849622877
2206	8849858187
2207	8879864170
2208	8887347919
2209	8887005369
2210	8886732054
2211	8886269955
2212	8885882453
2213	8880735953
2214	8879222790
2215	8879059812
2216	8878789391
2217	8846281272
2218	8882098664
2219	8839002759
2220	8877678439
2221	8878530784
2222	8881404533
2223	8882264714
2224	8884283302
2225	8885745914
2226	8885826751
2227	8887005786
2228	8880712400
2229	8887183152
2230	8508445392
2231	8886010818
2232	8886863567
2233	8886501360
2234	8886698119
2235	8873125313
2236	8874498017
2237	8839755884
2238	8874520730
2239	8879286141
2240	8877792408
2241	8884535017
2242	8885780242
2243	8886432499
2244	8886432209
2245	8883098000
2246	8886852306
2247	8886266877
2248	8878760586
2249	8886485662
2250	8887801695
2251	8887944999
2252	8887858652
2253	8867647787
2254	8874137566
2255	8876107557
2256	8876743120
2257	8887828607
2258	8880363292
2259	8874728148
2260	8876088670
2261	8883112299
2262	8881460714
2263	8884632535
2264	8885340024
2265	8885571642
2266	8885739787
2267	8886761311
2268	8879285769
2269	8885874375
2270	8887398664
2271	8887511573
2272	8887697297
2273	8857247308
2274	8858140389
2275	8857595189
2276	8858009957
2277	8886880202
2278	8874688471
2279	8877175938
2280	8886378527
2281	8880432632
2282	8877873996
2283	8880092423
2284	8878557883
2285	8878428570
2286	8879124488
2287	8879634618
2288	8874903761
2289	8880814828
2290	8883220750
2291	8883568679
2292	8884077049
2293	8883999647
2294	8884840715
2295	8885243927
2296	8885973073
2297	8881133108
2298	8883367953
2299	8883407170
2300	8883050502
2301	8843169654
2302	8841578151
2303	8823193246
2304	8827928698
2305	8823633759
2306	8509966698
2307	8818308168
2308	8842211400
2309	8877729861
2310	8884559794
2311	8871641889
2312	8875942807
2313	8871909643
2314	8871035884
2315	8871949131
2316	8872118875
2317	8883222688
2318	8872401073
2319	8839010099
2320	8843805280
2321	8881397673
2322	8873307407
2323	8874433722
2324	8875176659
2325	8877665220
2326	8877665090
2327	8881447657
2328	8844467468
2329	8884685906
2330	8887414563
2331	8883612118
2332	8848358244
2333	8848615340
2334	8824117404
2335	8801938728
2336	8840810331
2337	8885807779
2338	8872481842
2339	8872436099
2340	8873302800
2341	8878434643
2342	8878693563
2343	8879434039
2344	8878638582
2345	8879156198
2346	8879740521
2347	8879399865
2348	8877952651
2349	8881194219
2350	8880394908
2351	8881734435
2352	8881118075
2353	8881758813
2354	8819153370
2355	8882296064
2356	8881595326
2357	8881562558
2358	8877836721
2359	8877969644
2360	8877704764
2361	8873145023
2362	8873446761
2363	8873443435
2364	8873356138
2365	8875659272
2366	8874165051
2367	8873801056
2368	8874596613
2369	8874550210
2370	8874526596
2371	8874780898
2372	8874745881
2373	8875024062
2374	8875315113
2375	8875062814
2376	8876172573
2377	8875962692
2378	8858363486
2379	8858711287
2380	8886628870
2381	8859919866
2382	8886859923
2383	8887111019
2384	8887580401
2385	8887595613
2386	8887847917
2387	8799375873
2388	8879406599
2389	8887567021
2390	8883663369
2391	8508932938
2392	8508866173
2393	8799720458
2394	8873481484
2395	8873762736
2396	8873531440
2397	8874888443
2398	8875158033
2399	8876284672
2400	8877259585
2401	8886694471
2402	8877207224
2403	8886022712
2404	8885530975
2405	8879846917
2406	8880370243
2407	8880426176
2408	8880448547
2409	8880637849
2410	8880484855
2411	8880901614
2412	8880546122
2413	8881868649
2414	8881910925
2415	8880929167
2416	8881914982
2417	8883390127
2418	8883047235
2419	8883520703
2420	8884236449
2421	8884001061
2422	8884718394
2423	8885381383
2424	8886154267
2425	8877319359
2426	8879702724
2427	8508184336
2428	8876183419
2429	8881564851
2430	8873475969
2431	8861291635
2432	8848329800
2433	8833834451
2434	8821867100
2435	8827814610
2436	8827464137
2437	8829792713
2438	8838680740
2439	8858586356
2440	8869086925
2441	8875842179
2442	8881952521
2443	8821439995
2444	8823004028
2445	8819779212
2446	8876551890
2447	8871387044
2448	8886196396
2449	8884242113
2450	8877993447
2451	8509110728
2452	8509025080
2453	8867332383
2454	8868790071
2455	8824898119
2456	8876621607
2457	8877813907
2458	8879539893
2459	8879510951
2460	8799495930
2461	8879864236
2462	8882172159
2463	8883123626
2464	8886784636
2465	8887159822
2466	8887370149
2467	8887721231
2468	8827171518
2469	8820300272
2470	8877258231
2471	8880276966
2472	8879135118
2473	8846137658
2474	8877304536
2475	8836945451
2476	8832891204
2477	8884466961
2478	8885508694
2479	8866340258
2480	8886785791
2481	8801217043
2482	8863597598
2483	8835646446
2484	8833559294
2485	8860644917
2486	8860362908
2487	8887412793
2488	8886698482
2489	8878046648
2490	8886490856
2491	8874948095
2492	8873133126
2493	8803783164
2494	8804760153
2495	8804765979
2496	8804503887
2497	8804515962
2498	8803803406
2499	8802580828
2500	8801695533
2501	8802139913
2502	8860763894
2503	8860064962
2504	8879126653
2505	8877725354
2506	8860781448
2507	8804698551
2508	8839288396
2509	8887283307
2510	8874589913
2511	8874589931
2512	8840005255
2513	8840763705
2514	8831376134
2515	8509988886
2516	8819805223
2517	8799515769
2518	8880692442
2519	8886200414
2520	8885989558
2521	8885673871
2522	8880539819
2523	8838014867
2524	8881214412
2525	8879775676
2526	8886062321
2527	8884598226
2528	8880467748
2529	8866860379
2530	8885103875
2531	8867429030
2532	8867842735
2533	8826559250
2534	8836991556
2535	8854311141
2536	8880358371
2537	8865122270
2538	8875410672
2539	8801322484
2540	8881096601
2541	8843926962
2542	8842010317
2543	8873752428
2544	8819205528
2545	8822466528
2546	8880511631
2547	8867410894
2548	8882126421
2549	8880972883
2550	8883264521
2551	8883393396
2552	8883998307
2553	8887821646
2554	8887779409
2555	8886143135
2556	8887606119
2557	8885395344
2558	8882961807
2559	8880211434
2560	8883915036
2561	8885143630
2562	8887276317
2563	8887533230
2564	8887569183
2565	8885207206
2566	8835441796
2567	8839653725
2568	8845124760
2569	8868733760
2570	8875691105
2571	8845111226
2572	8508695543
2573	8510103257
2574	8873089189
2575	8874080038
2576	8874847024
2577	8885691136
2578	8825995335
2579	8886031310
2580	8883138866
2581	8886177260
2582	8886273599
2583	8882777639
2584	8882488771
2585	8883507454
2586	8873740657
2587	8510561774
2588	8875606774
2589	8869292046
2590	8876135669
2591	8879845406
2592	8881859960
2593	8804104698
2594	8837505398
2595	8822939105
2596	8825464784
2597	8821947993
2598	8822190388
2599	8510217286
2600	8874993653
2601	8875519558
2602	8875480896
2603	8876956139
2604	8879172849
2605	8882191334
2606	8884452686
2607	8884667713
2608	8885559269
2609	8885553516
2610	8849381342
2611	8874562564
2612	8887125317
2613	8875980558
2614	8879970940
2615	8880546091
2616	8862670492
2617	8840535677
2618	8877566378
2619	8886540376
2620	8887800652
2621	8827347024
2622	8834921850
2623	8885788299
2624	8830503419
2625	8866887060
2626	8867315926
2627	8867277032
2628	8867333328
2629	8877607655
2630	8882104933
2631	8822842475
2632	8873170460
2633	8880939008
2634	8844865307
2635	8878908648
2636	8880721077
2637	8869320844
2638	8881910864
2639	8860961616
2640	8859949290
2641	8865680921
2642	8849630142
2643	8850166793
2644	8864927077
2645	8853224245
2646	8864417204
2647	8832823047
2648	8799754643
2649	8879786314
2650	8882608110
2651	8883136825
2652	8884025459
2653	8885388671
2654	8885695599
2655	8885939862
2656	8886364265
2657	8886701493
2658	8887670507
2659	8887729316
2660	8849137683
2661	8875856446
2662	8834672794
2663	8865442342
2664	8876281834
2665	8863520605
2666	8861990828
2667	8861782815
2668	8834818919
2669	8886959986
2670	8879356494
2671	8876890405
2672	8828206579
2673	8865026698
2674	8863439310
2675	8823432432
2676	8854471414
2677	8885650838
2678	8509702730
2679	8508774415
2680	8843075871
2681	8834240282
2682	8835103460
2683	8829226174
2684	8864863720
2685	8833554280
2686	8882075577
2687	8869085121
2688	8874864360
2689	8885875806
2690	8879436083
2691	8884750045
2692	8887399835
2693	8887222825
2694	8873241813
2695	8874112514
2696	8875919532
2697	8877150401
2698	8877913137
2699	8831682139
2700	8878206297
2701	8879019501
2702	8880212657
2703	8880326105
2704	8880309386
2705	8880275070
2706	8880704769
2707	8881015477
2708	8880989014
2709	8881920209
2710	8881066447
2711	8873274485
2712	8880063927
2713	8877297764
2714	8875420776
2715	8874892581
2716	8882260963
2717	8878976047
2718	8879404624
2719	8885214698
2720	8880486760
2721	8882979450
2722	8885600457
2723	8887180328
2724	8887027180
2725	8887986927
2726	8820911486
2727	8820869026
2728	8800354041
2729	8867978420
2730	8873113126
2731	8873231445
2732	8874123311
2733	8874519710
2734	8876230480
2735	8878247926
2736	8876220407
2737	8883507293
2738	8880269028
2739	8884827019
2740	8886902727
2741	8887644063
2742	8887101171
2743	8874092926
2744	8880173324
2745	8821908545
2746	8823959038
2747	8868055229
2748	8845565380
2749	8838337386
2750	8840476621
2751	8842348679
2752	8841776259
2753	8830607491
2754	8821554246
2755	8508886348
2756	8884556749
2757	8883585817
2758	8882979097
2759	8882555363
2760	8885829991
2761	8887843014
2762	8830571834
2763	8799857341
2764	8837719620
2765	8837687945
2766	8822953165
2767	8508887731
2768	8868273299
2769	8879268164
2770	8883033931
2771	8875709825
2772	8886151081
2773	8877649788
2774	8829377363
2775	8886442738
2776	8881112291
2777	8882197074
2778	8827344279
2779	8874957522
2780	8876054162
2781	8881313278
2782	8880577861
2783	8882144703
2784	8880582619
2785	8883349235
2786	8883068975
2787	8883678859
2788	8885360470
2789	8885499503
2790	8880058013
2791	8885899119
2792	8886156988
2793	8886512817
2794	8887470039
2795	8887823466
2796	8887390854
2797	8887997321
2798	8887367229
2799	8857691567
2800	8886283757
2801	8886230875
2802	8879624503
2803	8879099098
2804	8883225183
2805	8877700494
2806	8877668187
2807	8839312226
2808	8877880612
2809	8880085767
2810	8886733426
2811	8831100880
2812	8879684979
2813	8830331025
2814	8874429915
2815	8874683684
2816	8874092201
2817	8876162905
2818	8875713122
2819	8877829944
2820	8878681922
2821	8878887551
2822	8872049497
2823	8879620571
2824	8884036317
2825	8878593084
2826	8840025158
2827	8883602198
2828	8884709382
2829	8837599652
2830	8839234390
2831	8839060509
2832	8879590753
2833	8800282292
2834	8838427589
2835	8841057488
2836	8841567501
2837	8841605284
2838	8830611998
2839	8831677855
2840	8508440297
2841	8508283381
2842	8874020951
2843	8874991572
2844	8874934039
2845	8872493547
2846	8842187557
2847	8881834792
2848	8880374768
2849	8883219776
2850	8885466042
2851	8884304767
2852	8884312009
2853	8885405731
2854	8885383327
2855	8873629432
2856	8886654260
2857	8886978659
2858	8887533600
2859	8847389295
2860	8874117861
2861	8877155185
2862	8882664923
2863	8834835782
2864	8840202974
2865	8887519155
2866	8876431459
2867	8800343025
2868	8880499017
2869	8840066602
2870	8842560961
2871	8842292975
2872	8844725714
2873	8837982611
2874	8839733095
2875	8800142892
2876	8841272310
2877	8837217843
2878	8841017399
2879	8824125398
2880	8877080735
2881	8820297282
2882	8820273076
2883	8509641623
2884	8508999402
2885	8844739665
2886	8874919070
2887	8846136205
2888	8827437705
2889	8821501236
2890	8836891654
2891	8885833582
2892	8846076327
2893	8843069804
2894	8877391052
2895	8877751143
2896	8878391980
2897	8878368059
2898	8878258808
2899	8878217999
2900	8856483147
2901	8884803698
2902	8844753043
2903	8886589889
2904	8885410531
2905	8857684623
2906	8861034832
2907	8860879916
2908	8860133439
2909	8884712213
2910	8831002203
2911	8801185285
2912	8843975684
2913	8845192787
2914	8843910608
2915	8884953437
2916	8881403376
2917	8828338607
2918	8877533606
2919	8885508346
2920	8886427565
2921	8872877248
2922	8861863474
2923	8887355534
2924	8821676915
2925	8880570452
2926	8887479391
2927	8880647309
2928	8879502584
2929	8877023447
2930	8876126676
2931	8874933691
2932	8868345444
2933	8804284618
2934	8882587601
2935	8877467344
2936	8875364580
